1470
1447
1448
Fr2
997
998
1483
968
1467
1044
1348
1424
880
721
592
994
1229
646
1045
996
879
441
530
414
1402
718
434
1441
874
1230
539
1278
1409
445
448
827
950
979
1155
1468
410
648
714
957
1442
509
1422
420
835
1023
432
795
1042
1267
1011
507
859
808
877
1178
400
663
641
864
717
802
910
431
463
540
413
415
444
661
1231
1359
437
794
833
447
847
601
619
627
1408
435
612
422
943
946
787
806
867
652
825
908
807
1046
611
809
446
1022
425
828
870
909
449
461
531
830
876
665
409
440
512
423
638
720
424
426
407
805
1458
542
875
1108
436
465
626
1034
443
1234
528
620
810
978
1233
523
858
464
466
860
1270
639
649
1350
427
662
949
799
1363
607
800
609
711
545
790
834
541
840
402
428
1102
1397
460
506
868
421
1434
936
871
1035
401
600
878
1423
514
544
826
1047
1119
715
944
962
716
1358
1368
1369
813
459
1020
792
964
1149
1276
797
832
811
939
1107
1043
958
1268
1352
405
935
1009
1172
669
1024
1374
1401
829
1362
403
1353
1417
524
798
837
961
492
622
993
1400
521
522
1067
793
1431
664
1405
498
789
989
970
719
1414
621
977
1114
1481
418
529
937
951
1070
1272
1370
1124
1232
1383
1385
518
1376
948
974
602
954
1367
836
963
710
417
640
904
1103
980
1360
633
408
1277
1378
1004
1404
1269
1398
462
IT6
801
1384
404
975
397L
1364
1153
1375
1100
493
502
1427
491
759
1425
1482
666
1381
515
516
1361
511
442
803
1271
1456
642
1372
1351
593
796
1386
971
953
947
865
1171
513
1027
1365
1106
1156
1180
1454
1007
959
1478
1112
1116
1410
1166
863
520
510
1025
1347
1373
597
1068
1266
503
397N
543
1435
608
862
866
1069
1433
1275
1377
397P
1168
397O
804
504
986
1113
1387
591
603
1429
397A
1167
IT6
955
1407
596
1420
1426
1104
1469
960
1273
1026
525
1177
1430
1449
1477
1274
419
517
1382
519
526
1175
987
1115
982
1399
1416
595
1455
976
1121
1021
988
1411
1415
969
1154
1413
1480
527
1457
1439
1453
1169
1173
433
1479
1151
1122
1010
812
1432
594
1444
1016
1105
1406
1101
831
857
861
1440
1029
1120
1036
439
1109
1152
1110
1123
1437
1379
1418
1037
1028
1018
869
1419
1111
1389
1017
1428
956
938
1380
1403
1174
1371
1179
1176
1150
1438
1436
1001
945
1170
1388
397L
397N
397O
397P
397A
IT6