NGI ID	User ID	Mreads	≥Q30
P26207_101	1470	28.15	90.77
P26207_102	1447	30.08	91.30
P26207_103	1448	26.86	90.87
P26207_104	Fr2	25.70	91.26
P26207_105	997	33.89	90.72
P26207_106	998	27.22	90.44
P26207_107	1483	24.65	91.06
P26207_108	968	39.84	91.00
P26207_109	1467	36.68	90.36
P26207_110	1044	39.05	91.25
P26207_111	1348	31.66	90.70
P26207_112	1424	36.32	90.51
P26207_113	880	39.79	90.97
P26207_114	721	33.56	90.40
P26207_115	592	31.36	90.60
P26207_116	994	37.88	91.11
P26207_117	1229	33.43	91.04
P26207_118	646	28.94	90.73
P26207_119	1045	29.63	90.58
P26207_120	996	31.79	88.80
P26207_121	879	33.92	90.12
P26207_122	441	33.27	91.28
P26207_123	530	40.50	90.48
P26207_124	414	39.14	91.42
P26207_125	1402	35.85	90.99
P26207_126	718	49.17	89.88
P26207_127	434	39.82	91.44
P26207_128	1441	38.67	90.04
P26207_129	874	38.00	91.40
P26207_130	1230	35.32	90.41
P26207_131	539	38.91	88.33
P26207_132	1278	38.68	90.59
P26207_133	1409	29.64	91.00
P26207_134	445	38.53	90.24
P26207_135	448	40.98	91.11
P26207_136	827	41.40	90.64
P26207_137	950	29.74	90.30
P26207_138	979	39.09	89.88
P26207_139	1155	29.85	90.69
P26207_140	1468	41.23	91.38
P26207_141	410	37.46	90.89
P26207_142	648	39.91	90.64
P26207_143	714	37.46	88.91
P26207_144	957	35.18	88.67
P26207_145	1442	39.02	89.68
P26207_146	509	30.73	91.03
P26207_147	1422	39.83	90.58
P26207_148	420	43.82	91.00
P26207_149	835	30.70	90.75
P26207_150	1023	34.89	89.84
P26207_151	432	35.93	91.45
P26207_152	795	36.10	90.06
P26207_153	1042	36.79	90.29
P26207_154	1267	43.76	90.69
P26207_155	1011	43.81	91.38
P26207_156	507	35.73	90.67
P26207_157	859	31.87	91.05
P26207_158	808	30.97	90.59
P26207_159	877	45.80	91.20
P26207_160	1178	39.86	90.56
P26207_161	400	34.26	91.05
P26207_162	663	39.84	89.88
P26207_163	641	47.16	89.39
P26207_164	864	35.53	91.23
P26207_165	717	33.06	90.84
P26207_166	802	33.12	90.93
P26207_167	910	29.24	89.76
P26207_168	431	35.11	89.36
P26207_169	463	23.51	90.82
P26207_170	540	33.94	91.05
P26207_171	413	36.79	91.05
P26207_172	415	29.50	88.88
P26207_173	444	35.25	90.73
P26207_174	661	32.93	90.19
P26207_175	1231	28.58	90.31
P26207_176	1359	34.11	89.74
P26207_177	437	29.42	89.19
P26207_178	794	36.99	91.00
P26207_179	833	31.61	89.85
P26207_180	447	30.69	89.54
P26207_181	847	28.32	90.27
P26207_182	601	34.60	90.48
P26207_183	619	31.35	91.07
P26207_184	627	29.01	90.33
P26207_185	1408	27.95	90.58
P26207_186	435	25.31	89.62
P26207_187	612	30.08	90.80
P26207_188	422	28.95	88.43
P26207_189	943	25.65	90.37
P26207_190	946	31.49	90.69
P26207_191	787	23.83	90.34
P26207_201	806	29.17	90.58
P26207_202	867	33.40	91.10
P26207_203	652	33.24	90.80
P26207_204	825	28.87	89.34
P26207_205	908	27.01	90.65
P26207_206	807	25.29	89.79
P26207_207	1046	30.42	90.70
P26207_208	611	34.34	89.81
P26207_209	809	33.09	90.78
P26207_210	446	29.72	90.43
P26207_211	1022	42.88	89.70
P26207_212	425	25.07	90.30
P26207_213	828	28.07	89.90
P26207_214	870	33.34	90.89
P26207_215	909	35.04	90.76
P26207_216	449	32.69	90.94
P26207_217	461	33.01	90.62
P26207_218	531	29.33	90.56
P26207_219	830	28.10	90.40
P26207_220	876	41.39	90.87
P26207_221	665	27.40	90.45
P26207_222	409	28.38	91.04
P26207_223	440	33.46	90.51
P26207_224	512	34.41	90.34
P26207_225	423	32.01	90.78
P26207_226	638	43.08	90.14
P26207_227	720	36.21	90.63
P26207_228	424	37.71	90.78
P26207_229	426	33.30	89.66
P26207_230	407	27.99	90.03
P26207_231	805	39.08	90.19
P26207_232	1458	35.19	90.87
P26207_233	542	30.96	90.58
P26207_234	875	39.07	90.54
P26207_235	1108	36.97	90.31
P26207_236	436	48.00	91.02
P26207_237	465	38.23	91.14
P26207_238	626	34.39	90.29
P26207_239	1034	41.19	90.85
P26207_240	443	32.70	90.60
P26207_241	1234	38.01	91.22
P26207_242	528	45.62	90.78
P26207_243	620	42.17	90.55
P26207_244	810	36.82	90.49
P26207_245	978	39.66	91.31
P26207_246	1233	42.79	90.85
P26207_247	523	41.46	90.31
P26207_248	858	33.08	91.17
P26207_249	464	30.24	90.92
P26207_250	466	55.26	90.34
P26207_251	860	36.93	90.53
P26207_252	1270	43.80	90.12
P26207_253	639	45.02	90.11
P26207_254	649	42.34	91.17
P26207_255	1350	42.90	90.11
P26207_256	427	42.76	90.96
P26207_257	662	34.88	90.11
P26207_258	949	52.63	90.75
P26207_259	799	40.66	89.83
P26207_260	1363	38.10	90.64
P26207_261	607	33.58	90.23
P26207_262	800	43.51	88.98
P26207_263	609	41.08	91.28
P26207_264	711	49.27	90.88
P26207_265	545	26.09	88.90
P26207_266	790	30.97	89.95
P26207_267	834	28.29	90.70
P26207_268	541	27.85	90.51
P26207_269	840	20.54	89.16
P26207_270	402	26.39	89.99
P26207_271	428	32.42	89.38
P26207_272	1102	29.05	91.11
P26207_273	1397	26.70	90.23
P26207_274	460	30.86	89.76
P26207_275	506	28.43	90.13
P26207_276	868	24.12	90.49
P26207_277	421	35.77	89.85
P26207_278	1434	27.55	90.87
P26207_279	936	23.02	89.91
P26207_280	871	28.85	89.51
P26207_281	1035	0.46	91.49
P26207_282	401	24.92	90.26
P26207_283	600	36.27	90.82
P26207_284	878	23.15	89.40
P26207_285	1423	34.79	90.59
P26207_286	514	28.47	90.60
P26207_287	544	22.27	90.11
P26207_288	826	37.32	88.60
P26207_289	1047	23.33	90.69
P26207_290	1119	31.23	90.63
P26207_291	715	26.20	90.67
P26207_292	944	23.11	90.50
P26207_293	962	28.72	86.58
P26207_294	716	29.79	91.08
P26207_301	1358	29.59	89.52
P26207_302	1368	31.79	88.53
P26207_303	1369	30.50	88.42
P26207_304	813	25.97	89.37
P26207_305	459	33.22	89.25
P26207_306	1020	30.68	90.22
P26207_307	792	26.36	89.78
P26207_308	964	25.72	88.01
P26207_309	1149	24.91	89.01
P26207_310	1276	36.46	89.72
P26207_311	797	28.58	89.02
P26207_312	832	28.84	89.22
P26207_313	811	36.11	89.01
P26207_314	939	29.40	88.74
P26207_315	1107	27.36	88.70
P26207_316	1043	27.00	88.65
P26207_317	958	38.76	90.09
P26207_318	1268	36.06	87.18
P26207_319	1352	27.57	89.18
P26207_320	405	34.43	89.93
P26207_321	935	40.39	90.18
P26207_322	1009	33.97	89.51
P26207_323	1172	39.71	90.07
P26207_324	669	32.33	89.21
P26207_325	1024	31.19	89.45
P26207_326	1374	39.37	89.40
P26207_327	1401	44.46	89.94
P26207_328	829	34.96	89.87
P26207_329	1362	28.95	89.27
P26207_330	403	36.71	88.91
P26207_331	1353	22.59	88.80
P26207_332	1417	33.70	89.33
P26207_333	524	34.28	89.84
P26207_334	798	32.79	89.93
P26207_335	837	35.90	89.19
P26207_336	961	32.77	87.91
P26207_337	492	32.02	88.27
P26207_338	622	30.66	89.36
P26207_339	993	36.52	89.27
P26207_340	1400	37.07	89.39
P26207_341	521	41.05	89.19
P26207_342	522	35.95	87.57
P26207_343	1067	42.31	87.63
P26207_344	793	30.10	89.09
P26207_345	1431	35.53	89.86
P26207_346	664	32.29	88.74
P26207_347	1405	33.06	88.18
P26207_348	498	40.17	89.18
P26207_349	789	35.13	88.34
P26207_350	989	40.06	89.64
P26207_351	970	37.76	89.33
P26207_352	719	34.46	88.25
P26207_353	1414	33.30	89.71
P26207_354	621	41.48	89.01
P26207_355	977	29.85	89.10
P26207_356	1114	46.45	90.30
P26207_357	1481	34.71	88.98
P26207_358	418	32.93	89.80
P26207_359	529	39.60	89.79
P26207_360	937	33.09	81.12
P26207_361	951	36.79	89.80
P26207_362	1070	31.82	90.39
P26207_363	1272	32.56	88.95
P26207_364	1370	34.82	89.73
P26207_365	1124	20.51	88.57
P26207_366	1232	28.52	85.97
P26207_367	1383	25.41	88.29
P26207_368	1385	19.45	88.01
P26207_369	518	27.94	89.54
P26207_370	1376	17.85	89.13
P26207_371	948	29.91	87.43
P26207_372	974	32.87	90.24
P26207_373	602	33.02	88.83
P26207_374	954	28.73	89.47
P26207_375	1367	24.65	88.42
P26207_376	836	29.08	89.85
P26207_377	963	25.36	88.49
P26207_378	710	20.24	89.57
P26207_379	417	23.72	88.18
P26207_380	640	36.80	89.61
P26207_381	904	20.65	88.27
P26207_382	1103	28.66	87.44
P26207_383	980	24.59	88.52
P26207_384	1360	25.92	89.01
P26207_385	633	26.11	89.46
P26207_386	408	23.39	88.31
P26207_387	1277	26.67	88.44
P26207_388	1378	22.75	89.38
P26207_389	1004	25.11	89.37
P26207_390	1404	21.78	87.87
P26207_391	1269	32.18	89.54
P26207_392	1398	24.31	89.19
P26207_393	462	24.51	89.11
P26207_394	IT6	15.61	87.26
P26207_401	801	26.95	90.44
P26207_402	1384	33.33	89.02
P26207_403	404	39.09	90.88
P26207_404	975	24.17	89.55
P26207_405	397L	26.07	91.14
P26207_406	1364	25.25	90.66
P26207_407	1153	24.95	90.95
P26207_408	1375	32.11	90.78
P26207_409	1100	28.36	89.89
P26207_410	493	32.04	89.14
P26207_411	502	38.43	90.50
P26207_412	1427	34.23	91.65
P26207_413	491	30.92	90.81
P26207_414	759	27.37	90.82
P26207_415	1425	39.09	91.21
P26207_416	1482	32.72	89.56
P26207_417	666	38.50	90.72
P26207_418	1381	32.37	90.75
P26207_419	515	35.98	90.13
P26207_420	516	41.56	91.14
P26207_421	1361	26.17	89.63
P26207_422	511	39.47	90.68
P26207_423	442	34.80	89.80
P26207_424	803	40.61	90.83
P26207_425	1271	38.34	90.40
P26207_426	1456	45.35	90.53
P26207_427	642	32.32	90.85
P26207_428	1372	42.44	90.63
P26207_429	1351	32.52	91.04
P26207_430	593	34.97	90.97
P26207_431	796	41.32	91.09
P26207_432	1386	45.55	89.72
P26207_433	971	41.74	91.18
P26207_434	953	25.83	90.58
P26207_435	947	38.10	91.08
P26207_436	865	47.43	91.43
P26207_437	1171	38.99	91.03
P26207_438	513	36.59	91.15
P26207_439	1027	35.55	90.62
P26207_440	1365	41.57	90.24
P26207_441	1106	30.68	90.26
P26207_442	1156	22.72	90.82
P26207_443	1180	30.21	91.04
P26207_444	1454	45.69	91.21
P26207_445	1007	32.41	90.15
P26207_446	959	36.80	90.37
P26207_447	1478	26.21	90.02
P26207_448	1112	35.20	91.11
P26207_449	1116	29.80	90.61
P26207_450	1410	35.70	88.96
P26207_451	1166	45.57	90.76
P26207_452	863	37.50	90.96
P26207_453	520	45.06	91.37
P26207_454	510	38.75	89.37
P26207_455	1025	41.45	91.53
P26207_456	1347	20.18	89.89
P26207_457	1373	37.39	90.32
P26207_458	597	43.55	90.70
P26207_459	1068	28.63	89.58
P26207_460	1266	46.93	89.24
P26207_461	503	48.62	91.11
P26207_462	397N	34.99	91.43
P26207_463	543	39.28	91.86
P26207_464	1435	48.38	91.44
P26207_465	608	28.81	90.69
P26207_466	862	25.67	89.39
P26207_467	866	31.88	90.63
P26207_468	1069	28.42	90.74
P26207_469	1433	19.93	90.28
P26207_470	1275	33.92	90.46
P26207_471	1377	10.46	87.24
P26207_472	397P	31.29	90.75
P26207_473	1168	28.57	90.66
P26207_474	397O	27.71	90.28
P26207_475	804	38.83	90.71
P26207_476	504	22.95	90.47
P26207_477	986	40.09	90.61
P26207_478	1113	29.85	90.46
P26207_479	1387	19.90	88.80
P26207_480	591	31.68	90.39
P26207_481	603	31.64	89.85
P26207_482	1429	14.50	90.00
P26207_483	397A	34.37	89.63
P26207_484	1167	33.37	90.15
P26207_485	IT6	26.31	90.33
P26207_486	955	37.25	90.31
P26207_487	1407	28.10	90.05
P26207_488	596	35.43	91.52
P26207_489	1420	33.25	89.31
P26207_490	1426	24.40	90.70
P26207_491	1104	32.65	89.66
P26207_492	1469	29.47	90.72
P26207_493	960	24.42	90.18
P26207_494	1273	36.36	90.75
P26207_501	1026	33.71	87.58
P26207_502	525	25.55	86.27
P26207_503	1177	28.81	87.38
P26207_504	1430	27.72	87.68
P26207_505	1449	36.13	87.61
P26207_506	1477	37.23	88.13
P26207_507	1274	24.40	87.69
P26207_508	419	33.97	87.30
P26207_509	517	26.78	87.16
P26207_510	1382	19.78	86.46
P26207_511	519	30.03	87.31
P26207_512	526	23.08	84.59
P26207_513	1175	37.83	87.31
P26207_514	987	32.19	87.83
P26207_515	1115	33.11	87.22
P26207_516	982	18.12	85.37
P26207_517	1399	34.83	87.64
P26207_518	1416	32.24	85.19
P26207_519	595	32.32	86.96
P26207_520	1455	34.73	87.38
P26207_521	976	29.99	87.74
P26207_522	1121	33.54	86.65
P26207_523	1021	35.61	87.69
P26207_524	988	29.52	87.43
P26207_525	1411	29.89	87.93
P26207_526	1415	41.24	87.47
P26207_527	969	35.91	87.88
P26207_528	1154	32.40	87.71
P26207_529	1413	26.84	87.40
P26207_530	1480	30.88	87.39
P26207_531	527	27.60	87.17
P26207_532	1457	35.39	87.35
P26207_533	1439	29.81	87.35
P26207_534	1453	31.03	87.48
P26207_535	1169	34.80	87.38
P26207_536	1173	36.39	87.39
P26207_537	433	32.42	87.33
P26207_538	1479	26.65	86.79
P26207_539	1151	38.87	87.48
P26207_540	1122	32.13	87.57
P26207_541	1010	37.78	87.52
P26207_542	812	19.58	84.49
P26207_543	1432	39.20	85.82
P26207_544	594	30.23	86.96
P26207_545	1444	41.23	87.91
P26207_546	1016	36.95	87.87
P26207_547	1105	39.07	87.29
P26207_548	1406	31.73	87.20
P26207_549	1101	33.22	86.14
P26207_550	831	40.19	86.85
P26207_551	857	38.07	87.82
P26207_552	861	39.08	86.89
P26207_553	1440	32.18	87.40
P26207_554	1029	27.60	86.31
P26207_555	1120	38.69	87.62
P26207_556	1036	45.35	88.03
P26207_557	439	33.12	87.05
P26207_558	1109	37.92	87.55
P26207_559	1152	36.73	87.59
P26207_560	1110	38.50	78.24
P26207_561	1123	33.36	87.21
P26207_562	1437	29.36	88.03
P26207_563	1379	36.70	85.88
P26207_564	1418	39.94	87.88
P26207_565	1037	20.63	87.92
P26207_566	1028	21.68	84.55
P26207_567	1018	29.49	86.91
P26207_568	869	25.27	86.90
P26207_569	1419	20.86	87.59
P26207_570	1111	23.48	87.28
P26207_571	1389	30.13	86.05
P26207_572	1017	19.56	86.45
P26207_573	1428	25.64	87.02
P26207_574	956	25.16	87.63
P26207_575	938	24.36	86.43
P26207_576	1380	27.83	87.72
P26207_577	1403	23.23	86.55
P26207_578	1174	21.53	86.92
P26207_579	1371	18.50	86.86
P26207_580	1179	21.96	86.76
P26207_581	1176	19.81	86.60
P26207_582	1150	21.66	84.99
P26207_583	1438	26.21	87.35
P26207_584	1436	21.09	87.13
P26207_585	1001	27.59	86.99
P26207_586	945	28.99	86.41
P26207_587	1170	21.84	86.95
P26207_588	1388	20.88	87.38
P26207_589	397L	30.05	87.60
P26207_590	397N	21.12	86.39
P26207_591	397O	32.75	87.65
P26207_592	397P	25.89	87.60
P26207_593	397A	22.56	87.42
P26207_594	IT6	24.24	87.26